<html>;1;1;122
<head>;1;2;13
<title>;1;3;4
</title>;0;4;-1
<script>;1;5;6
</script>;0;6;-1
<style>;1;7;8
</style>;0;8;-1
<style>;1;9;10
</style>;0;10;-1
<script>;1;11;12
</script>;0;12;-1
</head>;0;13;-1
<body>;1;14;121
<script>;1;15;16
</script>;0;16;-1
<div>;1;17;62
<div>;1;18;41
<nobr>;1;19;40
<b>;1;20;21
</b>;0;21;-1
<a>;1;22;23
</a>;0;23;-1
<a>;1;24;25
</a>;0;25;-1
<a>;1;26;27
</a>;0;27;-1
<a>;1;28;29
</a>;0;29;-1
<a>;1;30;31
</a>;0;31;-1
<a>;1;32;33
</a>;0;33;-1
<a>;1;34;35
</a>;0;35;-1
<a>;1;36;39
<u>;1;37;38
</u>;0;38;-1
</a>;0;39;-1
</nobr>;0;40;-1
</div>;0;41;-1
<div>;1;42;57
<nobr>;1;43;56
<span>;1;44;45
</span>;0;45;-1
<span>;1;46;47
</span>;0;47;-1
<span>;1;48;49
</span>;0;49;-1
<a>;1;50;51
</a>;0;51;-1
<a>;1;52;53
</a>;0;53;-1
<a>;1;54;55
</a>;0;55;-1
</nobr>;0;56;-1
</div>;0;57;-1
<div>;1;58;59
</div>;0;59;-1
<div>;1;60;61
</div>;0;61;-1
</div>;0;62;-1
<center>;1;63;118
<div>;1;64;65
</div>;0;65;-1
<form>;1;66;93
<table>;1;67;90
<tr>;1;68;89
<td>;1;69;70
</td>;0;70;-1
<td>;1;71;82
<div>;1;72;73
</div>;0;73;-1
<span>;1;74;77
<span>;1;75;76
</span>;0;76;-1
</span>;0;77;-1
<span>;1;78;81
<span>;1;79;80
</span>;0;80;-1
</span>;0;81;-1
</td>;0;82;-1
<td>;1;83;88
<a>;1;84;85
</a>;0;85;-1
<a>;1;86;87
</a>;0;87;-1
</td>;0;88;-1
</tr>;0;89;-1
</table>;0;90;-1
<script>;1;91;92
</script>;0;92;-1
</form>;0;93;-1
<div>;1;94;95
</div>;0;95;-1
<div>;1;96;97
</div>;0;97;-1
<span>;1;98;99
</span>;0;99;-1
<div>;1;100;111
<div>;1;101;110
<a>;1;102;103
</a>;0;103;-1
<a>;1;104;105
</a>;0;105;-1
<a>;1;106;107
</a>;0;107;-1
<a>;1;108;109
</a>;0;109;-1
</div>;0;110;-1
</div>;0;111;-1
<p>;1;112;117
<a>;1;113;114
</a>;0;114;-1
<a>;1;115;116
</a>;0;116;-1
</p>;0;117;-1
</center>;0;118;-1
<script>;1;119;120
</script>;0;120;-1
</body>;0;121;-1
</html>;0;122;-1
